Depths to top of layers in Si3D Grid for Lake Beznar    
** used if ibathyf in si3d_inp.txt is set to < 0       
------------------------------------------------------ 
   km1   =        109 
      1.00  -100.0000 
      2.00  -100.0000 
      3.00     0.5250 
      4.00     1.0762 
      5.00     1.6551 
      6.00     2.2628 
      7.00     2.9010 
      8.00     3.5710 
      9.00     4.2746 
     10.00     5.0133 
     11.00     5.7889 
     12.00     6.6034 
     13.00     7.4586 
     14.00     8.3565 
     15.00     9.2993 
     16.00    10.2893 
     17.00    11.3287 
     18.00    12.4202 
     19.00    13.5662 
     20.00    14.7695 
     21.00    16.0330 
     22.00    17.3596 
     23.00    18.7526 
     24.00    20.2152 
     25.00    21.7510 
     26.00    23.3635 
     27.00    25.0567 
     28.00    26.8346 
     29.00    28.7013 
     30.00    30.6614 
     31.00    32.7194 
     32.00    34.8804 
     33.00    37.1494 
     34.00    39.5319 
     35.00    42.0335 
     36.00    44.6602 
     37.00    47.4182 
     38.00    50.3141 
     39.00    53.3548 
     40.00    56.5475 
     41.00    59.8999 
     42.00    63.4199 
     43.00    67.1159 
     44.00    70.9967 
     45.00    75.0715 
     46.00    79.3501 
     47.00    83.8426 
     48.00    88.5597 
     49.00    93.5127 
     50.00    98.7133 
     51.00   104.1740 
     52.00   109.9077 
     53.00   115.9281 
     54.00   122.2495 
     55.00   128.8870 
     56.00   135.8563 
     57.00   143.1741 
     58.00   150.8578 
     59.00   158.9257 
     60.00   167.3970 
     61.00   176.2919 
     62.00   185.6315 
     63.00   195.4380 
     64.00   205.7349 
     65.00   216.5467 
     66.00   227.8990 
     67.00   239.8190 
     68.00   252.3349 
     69.00   265.4766 
     70.00   279.2755 
     71.00   293.7643 
     72.00   308.9775 
     73.00   324.9513 
     74.00   341.7239 
     75.00   359.3351 
     76.00   377.8269 
     77.00   387.0666 
     78.00   395.7818 
     79.00   403.9270 
     80.00   411.5392 
     81.00   418.6535 
     82.00   425.3023 
     83.00   431.5162 
     84.00   437.3235 
     85.00   442.7510 
     86.00   447.8233 
     87.00   452.5639 
     88.00   456.9943 
     89.00   461.1348 
     90.00   465.0045 
     91.00   468.6210 
     92.00   472.0010 
     93.00   475.1598 
     94.00   478.1119 
     95.00   480.8710 
     96.00   483.4495 
     97.00   485.8594 
     98.00   488.1115 
     99.00   490.2164 
    100.00   492.1836 
    101.00   494.0220 
    102.00   495.7402 
    103.00   497.3460 
    104.00   498.8467 
    105.00   500.2493 
    106.00   501.5601 
    107.00   502.7851 
    108.00   503.9300 
    109.00   505.0000 
