Initial condition file for si3d model            - 
Lake Tahoe Simulations R9 24-May-2018 10:54:00   - 
Simulations starting on 2018-05-26 00:00:00      - 
Depths (m)   Temp (oC)                           - 
Source: CTD data                                 - 
-------------------------------------------------- 
     -0.26    11.9560     0.0000     0.0000     0.0000     0.0000     0.0000     0.0000 
     -0.26    11.9560     0.0000     0.0000     0.0000     0.0000     0.0000     0.0000 
     -0.80    11.8722     0.0000     0.0000     0.0000     0.0000     0.0000     0.0000 
     -1.37    11.7625     0.0000     0.0000     0.0000     0.0000     0.0000     0.0000 
     -1.96    11.6015     0.0000     0.0000     0.0000     0.0000     0.0000     0.0000 
     -2.58    11.5386     0.0000     0.0000     0.0000     0.0000     0.0000     0.0000 
     -3.24    11.5292     0.0000     0.0000     0.0000     0.0000     0.0000     0.0000 
     -3.92    11.5091     0.0000     0.0000     0.0000     0.0000     0.0000     0.0000 
     -4.64    11.4930     0.0000     0.0000     0.0000     0.0000     0.0000     0.0000 
     -5.40    11.4899     0.0000     0.0000     0.0000     0.0000     0.0000     0.0000 
     -6.20    11.4755     0.0000     0.0000     0.0000     0.0000     0.0000     0.0000 
     -7.03    11.4633     0.0000     0.0000     0.0000     0.0000     0.0000     0.0000 
     -7.91    11.4210     0.0000     0.0000     0.0000     0.0000     0.0000     0.0000 
     -8.83    11.3633     0.0000     0.0000     0.0000     0.0000     0.0000     0.0000 
     -9.79    11.3468     0.0000     0.0000     0.0000     0.0000     0.0000     0.0000 
    -10.81    11.0919     0.0000     0.0000     0.0000     0.0000     0.0000     0.0000 
    -11.87    10.8555     0.0000     0.0000     0.0000     0.0000     0.0000     0.0000 
    -12.99    10.5625     0.0000     0.0000     0.0000     0.0000     0.0000     0.0000 
    -14.17    10.5605     0.0000     0.0000     0.0000     0.0000     0.0000     0.0000 
    -15.40     9.7824     0.0000     0.0000     0.0000     0.0000     0.0000     0.0000 
    -16.70     9.4592     0.0000     0.0000     0.0000     0.0000     0.0000     0.0000 
    -18.06     9.2921     0.0000     0.0000     0.0000     0.0000     0.0000     0.0000 
    -19.48     8.8136     0.0000     0.0000     0.0000     0.0000     0.0000     0.0000 
    -20.98     8.6264     0.0000     0.0000     0.0000     0.0000     0.0000     0.0000 
    -22.56     8.4922     0.0000     0.0000     0.0000     0.0000     0.0000     0.0000 
    -24.21     8.2600     0.0000     0.0000     0.0000     0.0000     0.0000     0.0000 
    -25.95     7.9213     0.0000     0.0000     0.0000     0.0000     0.0000     0.0000 
    -27.77     7.6444     0.0000     0.0000     0.0000     0.0000     0.0000     0.0000 
    -29.68     7.3257     0.0000     0.0000     0.0000     0.0000     0.0000     0.0000 
    -31.69     7.1401     0.0000     0.0000     0.0000     0.0000     0.0000     0.0000 
    -33.80     6.9229     0.0000     0.0000     0.0000     0.0000     0.0000     0.0000 
    -36.01     6.6016     0.0000     0.0000     0.0000     0.0000     0.0000     0.0000 
    -38.34     6.4056     0.0000     0.0000     0.0000     0.0000     0.0000     0.0000 
    -40.78     6.3222     0.0000     0.0000     0.0000     0.0000     0.0000     0.0000 
    -43.35     6.1638     0.0000     0.0000     0.0000     0.0000     0.0000     0.0000 
    -46.04     6.1129     0.0000     0.0000     0.0000     0.0000     0.0000     0.0000 
    -48.87     5.9717     0.0000     0.0000     0.0000     0.0000     0.0000     0.0000 
    -51.83     5.8757     0.0000     0.0000     0.0000     0.0000     0.0000     0.0000 
    -54.95     5.8191     0.0000     0.0000     0.0000     0.0000     0.0000     0.0000 
    -58.22     5.7818     0.0000     0.0000     0.0000     0.0000     0.0000     0.0000 
    -61.66     5.7275     0.0000     0.0000     0.0000     0.0000     0.0000     0.0000 
    -65.27     5.6623     0.0000     0.0000     0.0000     0.0000     0.0000     0.0000 
    -69.06     5.6331     0.0000     0.0000     0.0000     0.0000     0.0000     0.0000 
    -73.03     5.6097     0.0000     0.0000     0.0000     0.0000     0.0000     0.0000 
    -77.21     5.5873     0.0000     0.0000     0.0000     0.0000     0.0000     0.0000 
    -81.60     5.5444     0.0000     0.0000     0.0000     0.0000     0.0000     0.0000 
    -86.20     5.5203     0.0000     0.0000     0.0000     0.0000     0.0000     0.0000 
    -91.04     5.5017     0.0000     0.0000     0.0000     0.0000     0.0000     0.0000 
    -96.11     5.4876     0.0000     0.0000     0.0000     0.0000     0.0000     0.0000 
   -101.44     5.4630     0.0000     0.0000     0.0000     0.0000     0.0000     0.0000 
   -107.04     5.4441     0.0000     0.0000     0.0000     0.0000     0.0000     0.0000 
   -112.92     5.4345     0.0000     0.0000     0.0000     0.0000     0.0000     0.0000 
   -119.09     5.4173     0.0000     0.0000     0.0000     0.0000     0.0000     0.0000 
   -125.57     5.4115     0.0000     0.0000     0.0000     0.0000     0.0000     0.0000 
   -132.37     5.3928     0.0000     0.0000     0.0000     0.0000     0.0000     0.0000 
   -139.52     5.3770     0.0000     0.0000     0.0000     0.0000     0.0000     0.0000 
   -147.02     5.3713     0.0000     0.0000     0.0000     0.0000     0.0000     0.0000 
   -154.89     5.3677     0.0000     0.0000     0.0000     0.0000     0.0000     0.0000 
   -163.16     5.3677     0.0000     0.0000     0.0000     0.0000     0.0000     0.0000 
   -171.84     5.3677     0.0000     0.0000     0.0000     0.0000     0.0000     0.0000 
   -180.96     5.3677     0.0000     0.0000     0.0000     0.0000     0.0000     0.0000 
   -190.53     5.3677     0.0000     0.0000     0.0000     0.0000     0.0000     0.0000 
   -200.59     5.3677     0.0000     0.0000     0.0000     0.0000     0.0000     0.0000 
   -211.14     5.3677     0.0000     0.0000     0.0000     0.0000     0.0000     0.0000 
   -222.22     5.3677     0.0000     0.0000     0.0000     0.0000     0.0000     0.0000 
   -233.86     5.3677     0.0000     0.0000     0.0000     0.0000     0.0000     0.0000 
   -246.08     5.3677     0.0000     0.0000     0.0000     0.0000     0.0000     0.0000 
   -258.91     5.3677     0.0000     0.0000     0.0000     0.0000     0.0000     0.0000 
   -272.38     5.3677     0.0000     0.0000     0.0000     0.0000     0.0000     0.0000 
   -286.52     5.3677     0.0000     0.0000     0.0000     0.0000     0.0000     0.0000 
   -301.37     5.3677     0.0000     0.0000     0.0000     0.0000     0.0000     0.0000 
   -316.96     5.3677     0.0000     0.0000     0.0000     0.0000     0.0000     0.0000 
   -333.34     5.3677     0.0000     0.0000     0.0000     0.0000     0.0000     0.0000 
   -350.53     5.3677     0.0000     0.0000     0.0000     0.0000     0.0000     0.0000 
   -368.58     5.3677     0.0000     0.0000     0.0000     0.0000     0.0000     0.0000 
   -382.45     5.3677     0.0000     0.0000     0.0000     0.0000     0.0000     0.0000 
   -391.42     5.3677     0.0000     0.0000     0.0000     0.0000     0.0000     0.0000 
   -399.85     5.3677     0.0000     0.0000     0.0000     0.0000     0.0000     0.0000 
   -407.73     5.3677     0.0000     0.0000     0.0000     0.0000     0.0000     0.0000 
   -415.10     5.3677     0.0000     0.0000     0.0000     0.0000     0.0000     0.0000 
   -421.98     5.3677     0.0000     0.0000     0.0000     0.0000     0.0000     0.0000 
   -428.41     5.3677     0.0000     0.0000     0.0000     0.0000     0.0000     0.0000 
   -434.42     5.3677     0.0000     0.0000     0.0000     0.0000     0.0000     0.0000 
   -440.04     5.3677     0.0000     0.0000     0.0000     0.0000     0.0000     0.0000 
   -445.29     5.3677     0.0000     0.0000     0.0000     0.0000     0.0000     0.0000 
   -450.19     5.3677     0.0000     0.0000     0.0000     0.0000     0.0000     0.0000 
   -454.78     5.3677     0.0000     0.0000     0.0000     0.0000     0.0000     0.0000 
   -459.06     5.3677     0.0000     0.0000     0.0000     0.0000     0.0000     0.0000 
   -463.07     5.3677     0.0000     0.0000     0.0000     0.0000     0.0000     0.0000 
   -466.81     5.3677     0.0000     0.0000     0.0000     0.0000     0.0000     0.0000 
   -470.31     5.3677     0.0000     0.0000     0.0000     0.0000     0.0000     0.0000 
   -473.58     5.3677     0.0000     0.0000     0.0000     0.0000     0.0000     0.0000 
   -476.64     5.3677     0.0000     0.0000     0.0000     0.0000     0.0000     0.0000 
   -479.49     5.3677     0.0000     0.0000     0.0000     0.0000     0.0000     0.0000 
   -482.16     5.3677     0.0000     0.0000     0.0000     0.0000     0.0000     0.0000 
   -484.65     5.3677     0.0000     0.0000     0.0000     0.0000     0.0000     0.0000 
   -486.99     5.3677     0.0000     0.0000     0.0000     0.0000     0.0000     0.0000 
   -489.16     5.3677     0.0000     0.0000     0.0000     0.0000     0.0000     0.0000 
   -491.20     5.3677     0.0000     0.0000     0.0000     0.0000     0.0000     0.0000 
   -493.10     5.3677     0.0000     0.0000     0.0000     0.0000     0.0000     0.0000 
   -494.88     5.3677     0.0000     0.0000     0.0000     0.0000     0.0000     0.0000 
   -496.54     5.3677     0.0000     0.0000     0.0000     0.0000     0.0000     0.0000 
   -498.10     5.3677     0.0000     0.0000     0.0000     0.0000     0.0000     0.0000 
   -499.55     5.3677     0.0000     0.0000     0.0000     0.0000     0.0000     0.0000 
   -500.90     5.3677     0.0000     0.0000     0.0000     0.0000     0.0000     0.0000 
   -502.17     5.3677     0.0000     0.0000     0.0000     0.0000     0.0000     0.0000 
   -503.36     5.3677     0.0000     0.0000     0.0000     0.0000     0.0000     0.0000 
   -504.47     5.3677     0.0000     0.0000     0.0000     0.0000     0.0000     0.0000 
   -504.47     5.3677     0.0000     0.0000     0.0000     0.0000     0.0000     0.0000 
